150 2000 1 150 
1 2 42
1 13 40
1 47 24
1 72 76
1 84 91
1 102 96
1 106 65
1 119 62
1 121 76
1 129 26
2 3 68
2 31 99
2 34 92
2 35 44
2 58 33
2 65 90
2 74 21
2 78 84
2 83 27
2 113 28
2 119 60
2 127 84
2 133 11
3 2 63
3 4 35
3 9 17
3 10 3
3 48 24
3 53 38
3 64 32
3 68 19
3 84 29
3 90 86
3 93 76
3 100 62
3 124 89
3 134 28
3 144 50
4 5 1
4 11 9
4 20 86
4 27 28
4 36 55
4 47 52
4 65 76
4 71 21
4 80 21
4 83 49
4 86 82
5 6 70
5 15 22
5 21 72
5 28 32
5 82 31
5 87 53
5 89 53
5 101 9
5 104 11
5 105 100
5 111 61
5 124 28
5 133 26
5 150 13
6 7 25
6 22 27
6 23 24
6 29 95
6 40 80
6 53 65
6 67 46
6 70 17
6 114 72
6 147 25
6 150 32
7 5 25
7 8 79
7 13 28
7 14 28
7 22 4
7 33 42
7 39 79
7 47 11
7 48 26
7 52 38
7 54 64
7 56 57
7 81 48
7 83 45
7 85 77
7 107 41
7 114 60
7 118 68
7 131 27
8 9 59
8 13 6
8 33 2
8 44 46
8 88 17
8 100 13
8 125 48
8 131 48
8 138 72
8 142 92
8 143 57
8 144 75
9 10 63
9 15 53
9 23 26
9 44 69
9 48 53
9 59 46
9 74 41
9 89 85
9 98 71
9 106 63
9 107 92
9 112 68
9 130 57
9 133 41
9 137 95
9 138 47
9 147 27
9 148 4
10 8 86
10 11 65
10 23 99
10 27 29
10 41 87
10 58 41
10 70 31
10 83 96
10 95 22
10 96 95
10 109 99
10 112 72
10 116 18
10 136 53
10 142 18
11 2 14
11 12 6
11 18 26
11 24 71
11 46 28
11 59 52
11 60 75
11 77 36
11 82 72
11 102 67
11 123 6
11 132 36
11 139 33
11 147 37
12 2 28
12 13 46
12 22 77
12 26 69
12 39 2
12 45 56
12 128 66
13 7 16
13 14 82
13 30 11
13 34 61
13 44 63
13 60 35
14 15 28
14 20 51
14 28 30
14 53 74
14 56 98
14 59 52
14 94 66
14 103 3
14 109 14
14 122 55
14 129 53
14 140 48
14 146 79
15 7 63
15 11 89
15 14 13
15 16 62
15 18 85
15 44 24
15 53 94
15 54 54
15 72 25
15 135 69
15 145 100
15 146 28
16 17 92
16 21 46
16 32 44
16 38 52
16 59 39
16 65 40
16 86 78
16 96 6
16 113 20
16 120 50
16 130 66
16 134 24
17 16 5
17 18 96
17 21 6
17 23 47
17 35 67
17 36 27
17 51 75
17 58 71
17 61 30
17 88 18
17 90 64
17 95 26
17 100 30
17 106 50
17 131 56
17 138 61
17 142 62
17 146 57
18 2 94
18 5 21
18 9 10
18 11 35
18 14 27
18 19 43
18 21 61
18 24 15
18 53 30
18 58 54
18 74 3
18 86 51
18 110 45
18 134 43
18 143 67
19 9 97
19 20 28
19 30 12
19 67 77
19 72 51
19 82 59
19 86 51
19 96 74
19 98 8
19 139 56
19 145 30
19 148 97
20 9 18
20 13 55
20 18 6
20 21 37
20 35 99
20 60 60
20 77 33
20 80 80
20 103 84
20 137 90
20 138 98
20 144 6
20 146 27
20 150 29
21 7 25
21 8 97
21 12 62
21 22 92
21 43 63
21 48 29
21 52 48
21 65 54
21 77 89
21 80 53
21 90 98
21 98 100
21 99 30
21 115 32
21 125 13
21 150 69
22 12 22
22 18 73
22 23 5
22 30 9
22 39 36
22 45 98
22 61 76
22 89 11
22 101 67
22 113 97
22 130 94
22 145 23
23 9 75
23 14 24
23 21 38
23 24 3
23 35 71
23 71 88
23 83 97
23 93 17
23 99 29
23 120 78
23 121 42
23 129 98
23 133 7
23 145 88
24 3 28
24 16 80
24 20 52
24 25 54
24 62 1
24 66 72
24 80 4
24 82 52
24 96 26
24 107 42
24 121 81
24 138 97
24 139 67
24 142 60
25 7 38
25 13 22
25 26 93
25 33 75
25 36 73
25 37 75
25 57 93
25 68 44
25 75 92
25 76 58
25 85 53
25 93 26
26 17 62
26 27 83
26 40 35
26 42 91
26 65 24
26 73 2
26 102 61
26 105 100
26 144 29
26 145 13
27 4 5
27 28 22
27 53 39
27 56 74
27 85 37
27 89 59
27 93 6
28 7 5
28 29 17
28 86 24
28 91 77
28 94 24
28 101 91
28 102 35
28 124 58
28 129 87
28 133 97
29 7 30
29 22 75
29 30 19
29 45 27
29 49 72
29 80 59
29 86 89
29 92 78
29 97 81
29 100 52
29 102 35
29 107 7
29 125 43
29 136 5
30 31 96
30 40 1
30 58 93
30 73 4
30 78 30
30 90 1
30 91 23
30 94 14
30 108 96
30 131 45
30 132 59
30 149 33
31 4 31
31 21 65
31 32 48
31 40 43
31 54 6
31 68 80
31 74 79
31 83 12
31 111 68
31 127 36
31 132 53
32 33 27
32 58 99
32 71 36
32 92 53
32 108 45
32 123 12
32 132 6
32 135 41
32 150 3
33 15 40
33 26 55
33 28 37
33 34 72
33 41 33
33 53 84
33 67 97
33 83 85
33 86 94
33 117 68
33 119 7
33 129 89
33 131 75
33 138 82
33 143 83
34 6 71
34 28 94
34 35 39
34 50 15
34 51 88
34 70 65
34 75 31
34 89 4
34 114 72
34 138 33
35 16 54
35 26 96
35 29 52
35 33 100
35 36 70
35 50 20
35 51 36
35 97 62
35 101 2
35 104 81
35 105 6
35 108 50
35 134 73
35 144 35
36 37 13
36 65 96
36 76 38
36 81 54
36 89 93
36 92 70
36 115 45
36 133 26
36 148 30
36 149 98
36 150 9
37 4 60
37 5 17
37 17 7
37 36 15
37 38 68
37 45 99
37 65 32
37 81 100
37 97 49
37 109 71
37 112 35
37 131 98
37 138 20
37 148 3
38 4 48
38 10 43
38 22 50
38 26 49
38 32 1
38 39 100
38 48 77
38 73 59
38 83 64
38 90 39
38 94 53
38 100 50
38 113 17
38 125 6
38 128 59
38 136 68
38 142 94
39 6 20
39 15 58
39 29 94
39 34 55
39 40 36
39 46 77
39 61 29
39 66 81
39 69 26
39 73 96
39 75 21
39 76 56
39 79 36
39 95 89
39 107 66
39 110 20
39 116 56
39 117 99
39 121 55
39 122 81
39 135 91
39 149 12
40 12 24
40 13 23
40 16 9
40 41 95
40 63 91
40 72 97
40 95 84
40 97 58
40 101 60
40 122 46
40 124 96
40 128 8
40 139 47
41 42 4
41 58 63
41 60 59
41 62 6
41 63 41
41 67 20
41 69 8
41 73 65
41 77 75
41 84 65
41 85 75
41 91 92
41 92 7
41 94 47
41 145 59
42 23 24
42 25 34
42 26 14
42 39 33
42 43 12
42 62 26
42 67 13
42 78 82
42 134 89
42 146 91
43 13 19
43 44 23
43 50 79
43 69 34
43 74 50
43 79 49
43 116 56
43 139 18
43 147 81
44 20 73
44 29 12
44 34 12
44 36 81
44 40 62
44 42 88
44 45 34
44 68 70
44 83 84
44 95 100
44 98 34
44 116 74
44 119 88
44 120 98
44 130 57
44 132 82
44 133 65
45 11 2
45 25 47
45 32 44
45 36 71
45 39 9
45 44 70
45 46 74
45 60 19
45 129 11
45 149 24
46 3 65
46 5 39
46 7 48
46 11 24
46 14 63
46 28 68
46 37 14
46 43 87
46 47 65
46 53 69
46 55 26
46 59 39
46 64 86
46 68 2
46 102 23
46 108 26
46 114 26
46 130 24
46 133 82
46 134 55
47 16 23
47 17 4
47 38 22
47 48 42
47 65 34
47 117 62
47 121 92
47 122 23
47 125 53
47 139 76
48 11 12
48 18 50
48 27 3
48 29 9
48 49 12
48 56 39
48 72 95
48 140 21
49 11 95
49 33 52
49 39 80
49 50 54
49 62 40
49 101 94
49 102 81
49 114 69
49 125 100
49 132 4
50 16 8
50 25 85
50 37 30
50 48 15
50 51 69
50 66 71
50 69 90
50 73 21
50 102 41
50 108 66
50 121 70
50 124 16
50 146 59
51 3 7
51 27 77
51 44 22
51 45 35
51 52 48
51 71 16
51 75 47
51 77 65
51 97 40
51 99 57
51 100 56
51 106 49
51 107 29
51 116 38
51 120 95
51 127 38
51 144 82
51 149 74
51 150 79
52 17 25
52 19 94
52 29 50
52 36 99
52 53 45
52 54 16
52 66 93
52 69 91
52 75 83
52 83 66
52 99 51
52 104 80
52 107 64
52 113 48
52 136 36
52 137 37
52 147 70
53 12 44
53 18 54
53 22 18
53 26 67
53 32 34
53 34 46
53 43 34
53 46 80
53 54 63
53 78 22
53 80 83
53 110 16
53 126 6
53 131 61
53 144 55
54 7 84
54 11 29
54 12 16
54 16 50
54 18 97
54 19 55
54 27 48
54 36 66
54 52 64
54 53 44
54 55 58
54 66 96
54 78 19
54 80 48
54 86 39
54 105 34
54 117 89
54 122 58
54 144 32
55 11 40
55 13 80
55 19 10
55 28 38
55 43 54
55 53 8
55 56 38
55 68 13
55 89 35
55 103 58
55 107 4
55 117 10
55 119 35
55 125 7
55 129 54
55 130 56
55 145 98
56 7 49
56 8 22
56 40 28
56 45 29
56 47 45
56 51 71
56 57 60
56 59 72
56 65 91
56 72 58
56 87 26
56 107 34
57 3 46
57 7 14
57 15 50
57 45 44
57 52 96
57 53 76
57 58 24
57 71 36
57 84 79
57 103 13
57 109 69
57 128 4
57 143 22
58 11 31
58 59 42
58 62 58
58 77 85
58 89 47
58 90 21
58 93 58
58 135 12
58 148 34
59 13 91
59 15 62
59 34 60
59 36 89
59 40 98
59 43 33
59 56 3
59 60 30
59 66 7
59 81 77
59 97 59
59 110 76
59 117 83
59 125 57
59 138 30
60 13 40
60 15 9
60 16 48
60 61 79
60 99 38
60 110 68
60 116 3
60 117 62
60 123 36
61 5 83
61 16 75
61 22 83
61 29 93
61 33 29
61 62 17
61 109 41
61 135 6
61 139 73
62 32 12
62 34 51
62 36 97
62 48 40
62 60 51
62 63 36
62 65 52
62 69 86
62 71 50
62 99 87
62 102 23
62 103 90
62 110 60
62 122 36
62 126 26
62 138 73
62 140 25
62 148 35
63 2 79
63 12 1
63 22 15
63 37 70
63 38 68
63 61 55
63 64 91
63 72 25
63 82 47
63 91 40
63 104 61
63 117 62
63 124 83
63 132 52
63 141 68
64 6 46
64 25 51
64 29 85
64 31 56
64 43 71
64 65 43
64 68 47
64 95 52
64 103 83
64 136 59
65 15 45
65 42 4
65 53 91
65 57 87
65 66 89
65 72 58
65 83 85
65 123 3
65 143 65
66 7 43
66 23 58
66 31 100
66 34 21
66 42 14
66 46 55
66 67 7
66 81 81
66 88 27
66 89 6
66 94 33
66 102 53
66 107 28
66 112 5
66 122 17
66 129 58
66 130 83
67 32 20
67 44 91
67 68 41
67 77 94
67 81 35
67 84 80
67 98 90
67 103 53
67 105 40
67 110 45
67 111 56
67 112 69
67 120 25
67 135 81
68 16 68
68 25 59
68 31 88
68 49 18
68 56 53
68 69 43
68 76 66
68 113 44
68 121 42
68 136 24
69 13 92
69 33 42
69 70 65
69 94 98
69 96 12
69 113 18
69 136 85
69 142 97
69 144 79
70 5 79
70 24 43
70 33 80
70 39 24
70 45 35
70 59 31
70 63 12
70 71 49
70 78 75
70 82 39
70 87 91
70 109 94
70 116 64
70 120 39
70 134 41
71 9 22
71 10 59
71 32 23
71 37 15
71 50 7
71 67 61
71 72 47
71 74 83
71 85 83
71 86 73
71 92 34
71 96 97
71 124 36
71 126 69
71 130 2
71 135 96
71 144 93
72 18 16
72 22 77
72 24 82
72 34 83
72 47 60
72 48 78
72 56 35
72 73 6
72 83 45
72 88 41
72 145 55
73 10 17
73 21 34
73 34 49
73 43 94
73 74 91
73 93 39
73 110 12
73 122 41
73 137 57
73 149 12
74 34 54
74 68 96
74 73 19
74 75 30
74 76 68
74 90 95
74 109 45
74 116 14
74 124 75
74 135 62
74 137 80
74 148 87
75 5 23
75 10 9
75 22 17
75 24 40
75 39 23
75 47 95
75 72 25
75 76 71
75 84 41
75 94 23
75 96 12
75 112 28
75 113 29
75 117 84
75 123 98
75 136 44
75 144 6
76 30 64
76 41 10
76 49 13
76 64 25
76 72 64
76 77 51
76 93 68
76 94 77
76 124 51
76 125 84
76 130 79
76 138 22
76 150 52
77 27 39
77 30 10
77 44 43
77 48 51
77 65 76
77 70 78
77 71 94
77 78 7
77 85 83
77 89 78
77 110 25
77 123 70
78 8 71
78 25 5
78 31 69
78 32 80
78 35 93
78 56 94
78 66 90
78 79 2
78 95 66
78 117 37
78 125 15
78 134 20
78 142 96
78 145 35
79 11 58
79 35 61
79 40 51
79 41 53
79 47 6
79 55 42
79 56 100
79 65 97
79 80 94
79 83 61
79 87 43
79 103 14
79 104 21
79 128 12
79 138 19
79 148 5
80 4 67
80 6 18
80 8 83
80 14 16
80 16 56
80 29 13
80 43 29
80 47 75
80 54 75
80 56 43
80 57 1
80 61 6
80 62 61
80 64 94
80 66 20
80 70 40
80 73 39
80 74 60
80 81 49
80 101 29
80 105 10
80 108 53
80 111 24
80 128 37
80 132 67
81 12 65
81 14 19
81 52 97
81 55 26
81 58 28
81 82 30
81 90 8
81 91 98
81 100 24
81 109 61
81 135 44
82 13 3
82 24 27
82 36 11
82 51 54
82 72 33
82 79 53
82 83 24
82 105 51
82 106 69
82 131 43
82 135 27
82 138 40
83 3 37
83 25 40
83 29 38
83 46 97
83 51 32
83 59 42
83 84 85
83 99 16
83 132 21
83 137 92
83 150 67
84 41 33
84 43 64
84 53 85
84 54 59
84 60 43
84 67 93
84 83 98
84 85 55
84 94 54
84 98 30
84 104 27
84 105 97
84 124 43
84 129 24
84 131 59
84 133 63
84 140 36
84 142 11
85 50 35
85 52 42
85 55 7
85 59 2
85 86 57
85 112 80
85 118 94
85 120 26
85 121 83
85 135 67
85 143 38
86 5 27
86 18 73
86 51 93
86 58 12
86 79 100
86 82 72
86 87 41
86 90 97
86 94 51
86 100 1
86 113 19
86 116 65
86 125 72
86 129 91
86 132 81
86 134 85
86 144 49
87 29 17
87 44 76
87 45 93
87 55 83
87 73 24
87 88 67
87 93 21
87 95 66
88 11 4
88 23 20
88 27 5
88 45 27
88 59 62
88 60 70
88 63 78
88 81 57
88 89 77
88 92 69
88 95 11
88 108 70
88 131 34
89 3 18
89 7 47
89 31 43
89 41 48
89 80 45
89 83 66
89 90 32
89 100 75
89 116 44
89 120 93
89 131 39
90 13 50
90 61 84
90 79 95
90 80 25
90 84 30
90 91 9
90 97 38
90 107 54
90 109 81
90 115 82
90 117 23
90 125 22
90 130 5
91 5 16
91 7 75
91 8 34
91 11 70
91 25 70
91 33 11
91 38 1
91 42 86
91 46 63
91 47 43
91 49 86
91 58 42
91 65 77
91 68 42
91 70 55
91 87 28
91 92 45
91 94 86
91 97 5
91 99 15
91 115 56
91 127 89
91 129 38
91 139 37
91 149 63
92 3 68
92 5 11
92 7 84
92 10 87
92 15 79
92 27 97
92 37 60
92 49 48
92 53 75
92 58 16
92 61 86
92 91 65
92 93 40
92 98 36
92 99 46
92 112 47
92 123 82
92 134 19
92 139 39
93 20 95
93 29 61
93 31 100
93 43 62
93 61 38
93 69 68
93 74 3
93 76 12
93 81 26
93 85 33
93 89 12
93 94 27
93 103 37
93 133 1
93 137 58
93 147 18
93 149 4
94 4 98
94 17 72
94 22 35
94 28 52
94 36 37
94 43 6
94 45 58
94 52 37
94 55 15
94 59 44
94 64 63
94 70 55
94 75 73
94 91 4
94 95 24
94 111 31
94 118 21
94 138 24
95 36 54
95 44 79
95 59 90
95 64 81
95 68 22
95 96 38
95 128 48
95 139 26
96 7 45
96 34 63
96 41 21
96 48 22
96 62 100
96 70 84
96 77 61
96 83 93
96 97 39
96 128 49
97 18 49
97 19 82
97 41 56
97 42 18
97 57 79
97 64 25
97 66 21
97 72 54
97 95 30
97 98 19
97 104 59
97 106 71
97 118 90
97 123 42
97 128 98
98 13 10
98 64 66
98 77 52
98 88 91
98 99 83
98 100 39
98 144 81
99 16 85
99 22 98
99 25 58
99 34 53
99 50 16
99 53 89
99 64 59
99 76 93
99 100 30
99 101 90
99 108 48
99 121 18
99 122 96
99 127 83
99 130 71
99 133 93
99 139 96
100 11 68
100 13 45
100 28 55
100 61 29
100 94 89
100 99 62
100 101 42
100 107 49
100 121 91
100 126 64
100 148 70
101 8 86
101 39 18
101 42 57
101 54 6
101 81 7
101 91 23
101 96 61
101 102 34
101 121 1
101 129 46
101 136 63
101 149 99
102 35 45
102 47 100
102 78 65
102 84 10
102 85 52
102 88 88
102 89 18
102 101 59
102 103 16
102 111 56
102 113 42
102 118 18
103 3 70
103 12 70
103 16 32
103 24 34
103 34 96
103 76 59
103 92 97
103 98 27
103 104 40
103 109 82
103 113 24
103 118 33
104 3 9
104 4 5
104 10 100
104 19 87
104 52 96
104 54 13
104 59 4
104 64 75
104 69 6
104 90 79
104 91 23
104 105 59
104 121 78
104 149 12
105 11 66
105 45 86
105 48 47
105 54 20
105 59 15
105 79 57
105 106 5
105 108 35
105 112 67
105 123 43
105 143 98
105 149 33
106 7 82
106 25 93
106 30 87
106 52 86
106 53 47
106 89 87
106 90 71
106 104 96
106 107 31
106 108 26
106 117 63
106 123 80
106 135 39
106 148 5
107 2 72
107 17 80
107 37 98
107 39 57
107 40 63
107 41 57
107 46 93
107 52 61
107 57 2
107 82 1
107 108 78
107 118 3
107 141 58
108 34 67
108 54 11
108 57 72
108 58 29
108 59 85
108 63 65
108 65 70
108 76 2
108 87 6
108 99 28
108 101 85
108 109 7
109 6 9
109 7 60
109 11 71
109 21 44
109 24 94
109 35 64
109 58 63
109 83 23
109 85 25
109 104 92
109 110 74
109 126 72
109 149 91
110 12 87
110 44 39
110 75 43
110 89 57
110 111 87
110 118 23
110 136 18
110 137 45
111 18 37
111 42 50
111 66 54
111 67 60
111 73 35
111 74 53
111 75 29
111 81 33
111 84 47
111 106 59
111 112 22
111 138 70
112 2 87
112 6 64
112 21 23
112 26 59
112 28 7
112 33 16
112 34 99
112 44 74
112 48 93
112 55 18
112 70 46
112 85 79
112 113 46
112 121 4
113 3 76
113 5 68
113 21 84
113 23 65
113 44 74
113 55 54
113 62 100
113 67 77
113 94 27
113 100 47
113 114 25
113 116 12
113 123 28
113 132 53
113 140 93
113 148 54
114 22 56
114 25 36
114 56 11
114 57 46
114 59 73
114 77 90
114 99 97
114 102 41
114 103 4
114 111 13
114 115 73
114 124 22
114 136 29
114 138 27
114 146 2
115 2 96
115 29 67
115 39 91
115 48 78
115 49 58
115 67 71
115 102 52
115 111 21
115 112 96
115 116 71
115 118 89
115 143 58
116 10 81
116 26 72
116 32 61
116 58 90
116 67 33
116 70 53
116 74 11
116 76 94
116 80 42
116 83 19
116 110 70
116 117 30
116 134 78
116 148 32
116 150 65
117 18 83
117 41 27
117 57 59
117 76 9
117 100 87
117 109 13
117 115 84
117 118 78
117 145 50
118 14 57
118 27 88
118 39 99
118 42 74
118 46 56
118 65 46
118 78 33
118 80 67
118 84 91
118 89 46
118 90 94
118 96 43
118 117 88
118 119 74
118 130 41
118 147 32
118 149 91
119 2 29
119 5 27
119 20 64
119 24 42
119 54 40
119 55 86
119 58 85
119 59 92
119 71 69
119 105 96
119 112 80
119 117 14
119 120 98
119 125 3
119 137 60
119 138 13
119 144 45
120 19 5
120 26 19
120 36 92
120 39 20
120 42 64
120 52 79
120 60 1
120 65 1
120 76 14
120 83 57
120 86 57
120 110 66
120 114 81
120 121 13
120 125 34
120 127 80
121 22 55
121 24 79
121 36 90
121 38 27
121 84 93
121 85 55
121 91 85
121 92 51
121 96 83
121 99 73
121 101 55
121 118 44
121 122 87
122 17 48
122 41 74
122 49 94
122 50 96
122 58 14
122 65 2
122 76 58
122 104 96
122 115 13
122 119 95
122 123 91
122 145 58
122 150 45
123 17 77
123 23 2
123 24 2
123 43 23
123 72 90
123 73 7
123 97 19
123 100 38
123 107 8
123 114 29
123 119 93
123 124 62
123 126 65
123 129 59
123 138 84
123 139 59
123 142 91
124 18 71
124 23 92
124 25 58
124 35 35
124 38 52
124 39 62
124 40 30
124 48 38
124 55 50
124 87 87
124 111 73
124 123 90
124 125 37
124 126 49
124 136 42
124 149 32
124 150 97
125 3 28
125 5 90
125 11 38
125 19 99
125 51 54
125 53 60
125 93 7
125 106 57
125 122 44
125 123 78
125 126 56
126 7 51
126 12 82
126 23 50
126 28 90
126 37 68
126 39 38
126 45 33
126 57 1
126 62 87
126 70 37
126 72 19
126 80 62
126 81 43
126 83 61
126 86 30
126 95 96
126 99 56
126 101 51
126 107 19
126 127 68
126 138 71
127 29 97
127 31 49
127 36 6
127 64 48
127 65 71
127 66 7
127 69 90
127 73 12
127 84 35
127 93 58
127 128 56
127 135 8
127 144 81
127 145 34
128 8 57
128 21 13
128 24 29
128 26 8
128 39 6
128 52 25
128 58 54
128 63 14
128 76 94
128 88 18
128 124 3
128 129 75
128 142 79
128 143 77
128 147 76
129 5 26
129 28 59
129 41 10
129 42 16
129 49 24
129 54 54
129 56 58
129 88 19
129 96 59
129 98 4
129 101 70
129 102 1
129 118 72
129 130 32
129 149 82
130 11 9
130 14 13
130 15 89
130 40 78
130 65 6
130 82 37
130 89 61
130 101 88
130 104 64
130 111 12
130 123 13
130 125 49
130 129 22
130 131 53
130 136 23
131 47 62
131 76 82
131 90 7
131 132 51
131 138 94
131 150 68
132 2 23
132 4 72
132 6 38
132 7 14
132 15 68
132 16 3
132 22 50
132 40 89
132 54 65
132 57 43
132 79 11
132 84 40
132 102 85
132 103 42
132 111 57
132 133 51
133 2 28
133 14 62
133 24 15
133 46 98
133 49 97
133 65 23
133 76 66
133 79 88
133 84 96
133 87 91
133 99 97
133 116 23
133 117 77
133 134 42
134 11 97
134 21 77
134 23 99
134 38 31
134 43 91
134 62 67
134 76 75
134 78 37
134 86 1
134 91 91
134 92 49
134 96 39
134 102 3
134 118 43
134 127 89
134 130 93
134 135 25
135 18 79
135 19 13
135 32 35
135 43 19
135 52 23
135 71 58
135 76 16
135 83 46
135 91 69
135 97 43
135 118 27
135 122 42
135 129 79
135 132 52
135 136 67
135 138 93
135 139 1
135 140 65
136 10 84
136 20 95
136 24 100
136 27 89
136 30 62
136 32 58
136 70 45
136 74 13
136 93 67
136 97 93
136 122 23
136 133 77
136 134 47
136 137 31
137 2 19
137 10 91
137 24 15
137 26 75
137 47 16
137 51 66
137 73 77
137 83 63
137 84 66
137 89 7
137 108 61
137 123 65
137 138 8
137 140 53
137 148 78
137 149 67
138 3 87
138 20 5
138 37 26
138 43 100
138 45 80
138 47 65
138 64 83
138 68 91
138 69 6
138 105 27
138 106 75
138 121 64
138 139 92
138 146 65
138 148 83
139 2 94
139 9 27
139 17 56
139 34 73
139 57 16
139 59 47
139 89 80
139 119 58
139 127 25
139 132 40
139 140 8
140 9 16
140 21 28
140 32 66
140 33 20
140 43 39
140 72 81
140 76 9
140 83 77
140 85 83
140 141 38
141 19 38
141 21 42
141 26 2
141 45 11
141 55 41
141 62 11
141 78 58
141 79 96
141 86 97
141 96 1
141 101 65
141 102 22
141 126 97
141 132 82
141 137 84
141 142 58
142 11 56
142 22 11
142 23 5
142 27 40
142 45 1
142 51 51
142 71 96
142 73 26
142 76 86
142 85 77
142 94 53
142 112 14
142 127 89
142 143 88
143 11 73
143 23 12
143 40 22
143 46 67
143 109 7
143 119 80
143 133 85
143 134 58
143 144 54
144 8 22
144 10 55
144 28 30
144 33 86
144 34 15
144 47 60
144 66 76
144 71 89
144 114 80
144 117 62
144 123 18
144 131 74
144 134 90
144 139 22
144 145 84
145 25 38
145 29 72
145 31 78
145 43 34
145 50 90
145 65 27
145 82 53
145 87 98
145 95 82
145 124 44
145 128 70
145 146 46
146 6 75
146 18 76
146 19 67
146 25 59
146 37 86
146 50 41
146 69 24
146 73 21
146 93 70
146 104 6
146 114 2
146 122 34
146 126 11
146 134 95
146 135 23
146 147 10
147 45 73
147 48 83
147 107 25
147 115 72
147 148 10
148 15 71
148 17 44
148 19 19
148 41 70
148 43 51
148 51 30
148 52 56
148 60 3
148 78 24
148 86 67
148 95 84
148 102 9
148 104 14
148 124 31
148 126 91
148 145 93
148 149 59
149 12 65
149 21 37
149 29 65
149 46 99
149 47 100
149 50 91
149 68 19
149 72 98
149 119 6
149 121 80
149 135 4
149 147 35
149 150 22
