100 2000 1 100 50
1 2 34
2 3 42
3 4 34
4 5 22
5 6 41
6 7 32
7 8 27
8 9 14
9 10 13
10 11 45
11 12 45
12 13 4
13 14 27
14 15 45
15 16 29
16 17 16
17 18 22
18 19 4
19 20 21
20 21 23
21 22 1
22 23 50
23 24 14
24 25 44
25 26 30
26 27 44
27 28 30
28 29 16
29 30 13
30 31 42
31 32 24
32 33 26
33 34 24
34 35 17
35 36 25
36 37 29
37 38 47
38 39 29
39 40 33
40 41 37
41 42 42
42 43 25
43 44 25
44 45 35
45 46 5
46 47 42
47 48 31
48 49 38
49 50 28
50 51 12
51 52 31
52 53 48
53 54 38
54 55 48
55 56 2
56 57 28
57 58 21
58 59 6
59 60 43
60 61 20
61 62 50
62 63 20
63 64 18
64 65 32
65 66 13
66 67 22
67 68 21
68 69 12
69 70 14
70 71 28
71 72 24
72 73 10
73 74 5
74 75 32
75 76 28
76 77 1
77 78 12
78 79 22
79 80 7
80 81 31
81 82 19
82 83 4
83 84 12
84 85 49
85 86 35
86 87 29
87 88 41
88 89 21
89 90 15
90 91 30
91 92 46
92 93 48
93 94 46
94 95 3
95 96 22
96 97 49
97 98 21
98 99 43
99 100 34
47 15 30
35 84 24
85 52 41
43 27 1
26 24 1
98 80 24
47 37 50
95 7 24
83 96 48
87 68 40
82 49 2
29 11 34
97 4 9
74 67 28
85 19 45
75 43 49
69 10 32
43 25 5
9 59 43
52 30 44
64 60 3
15 18 8
89 77 23
15 71 15
22 16 25
50 47 22
20 60 35
16 42 27
78 35 45
6 55 41
61 83 5
55 82 5
33 74 28
61 19 35
19 84 46
82 75 49
97 3 4
19 99 12
63 94 27
56 71 24
51 29 26
27 58 28
49 65 35
79 54 9
74 56 3
22 4 9
83 11 25
42 7 43
2 70 22
24 59 37
62 39 15
32 45 22
74 87 46
90 31 41
10 23 16
60 77 15
7 40 25
49 62 28
1 96 16
54 84 1
65 79 23
9 5 18
63 16 8
60 3 29
59 39 18
18 42 11
56 32 18
39 29 39
60 100 30
89 78 37
1 40 25
86 98 31
57 32 38
96 94 20
24 77 16
72 19 29
78 56 31
44 9 48
20 85 15
63 87 33
65 53 46
86 33 35
72 34 50
64 83 29
48 67 40
31 27 1
35 26 45
70 59 6
88 10 35
12 49 30
41 40 47
11 42 48
44 55 31
19 42 25
50 73 14
63 9 15
38 97 27
96 29 38
33 22 44
15 99 46
53 51 4
40 61 37
68 57 32
61 47 43
89 65 33
60 36 48
46 3 46
45 50 15
91 81 28
56 63 32
69 35 38
84 18 16
44 22 33
18 81 34
86 77 4
79 27 27
36 24 29
57 73 20
14 11 25
59 51 19
17 22 7
58 4 8
55 24 24
14 41 18
10 56 46
14 44 16
7 92 49
81 73 21
2 7 28
88 95 40
99 29 12
76 12 31
37 99 13
77 13 28
94 99 24
17 19 11
94 18 18
93 34 17
15 74 36
86 9 27
45 83 34
80 64 31
17 30 30
56 2 25
27 20 39
21 12 11
62 9 32
84 65 14
18 100 21
70 68 36
3 84 28
68 11 41
25 98 4
8 22 36
53 30 39
6 65 50
89 84 41
64 21 9
11 39 21
17 66 45
26 88 9
59 94 48
95 12 15
87 11 8
25 90 15
39 34 18
14 71 9
42 66 23
21 86 4
58 99 38
40 21 11
62 85 25
63 74 41
15 65 2
67 95 49
95 69 2
9 27 19
74 14 31
47 5 48
67 57 38
31 37 35
55 50 33
67 71 19
88 46 44
52 55 13
67 72 1
87 21 30
29 49 7
58 67 35
48 42 24
35 17 47
41 97 3
7 94 34
10 94 34
1 59 46
64 16 10
29 99 48
77 3 35
83 5 38
77 76 37
33 56 34
35 100 38
15 22 42
42 87 23
81 93 9
63 78 34
77 74 43
43 18 10
59 38 24
86 44 44
71 89 9
41 83 29
3 37 20
49 12 17
4 74 21
9 55 29
22 58 31
10 54 7
64 99 44
83 12 11
96 47 20
75 44 21
31 81 26
16 36 13
25 70 30
12 22 11
61 54 19
20 95 34
60 67 14
4 94 9
2 57 19
89 47 47
92 53 31
74 54 32
89 52 21
13 86 12
31 12 9
12 37 13
38 89 45
96 26 5
44 59 9
95 18 27
79 65 14
8 24 9
32 62 19
41 78 27
70 14 4
69 45 38
7 27 12
76 39 31
18 98 35
52 4 32
12 33 15
76 100 35
99 5 42
77 41 29
79 74 46
7 22 46
43 17 23
85 34 10
10 70 10
91 28 6
10 47 36
39 82 40
6 21 46
84 37 43
60 57 15
42 58 12
51 49 44
58 19 5
62 56 32
98 75 19
25 68 19
94 23 43
21 14 50
20 75 44
12 65 13
72 44 38
94 96 5
48 30 12
43 26 35
8 20 43
75 67 11
92 37 29
5 95 48
98 45 30
45 26 28
3 52 6
5 53 21
7 75 15
68 29 33
1 87 42
95 60 30
77 20 31
11 78 47
53 7 36
26 56 2
89 48 35
47 87 12
37 83 43
52 45 50
3 94 21
53 25 24
22 48 18
19 83 35
21 99 43
26 71 43
52 21 47
53 23 32
56 45 7
59 75 3
79 13 17
18 36 38
79 28 1
13 27 7
61 8 5
60 35 9
35 16 35
3 25 46
26 60 18
36 100 17
19 85 18
98 94 26
18 15 8
52 75 31
12 95 12
97 23 39
3 9 39
41 79 13
40 90 25
9 98 49
11 3 6
58 82 19
29 19 28
7 15 49
23 4 26
41 15 1
17 86 7
56 46 18
24 12 16
45 21 17
79 58 14
36 75 31
76 86 41
51 100 44
22 88 30
75 71 13
57 14 8
9 32 28
21 46 3
64 23 45
98 25 43
68 77 2
13 12 41
71 83 42
88 38 17
29 83 3
54 2 13
52 67 34
15 8 29
3 53 32
19 52 48
16 66 47
43 20 15
11 45 50
61 55 41
76 79 38
81 72 15
40 35 28
46 97 42
53 100 33
53 39 5
28 19 49
75 57 8
87 48 15
82 59 19
27 44 19
94 77 9
17 76 48
12 35 28
35 51 25
40 91 17
75 25 1
24 57 42
68 3 5
51 97 38
93 82 6
97 30 5
57 90 16
12 97 35
52 2 4
39 14 10
63 5 37
32 37 10
7 58 25
86 63 22
32 29 49
39 31 2
36 78 34
60 65 15
27 9 6
72 33 34
63 40 12
61 96 50
27 53 32
22 70 40
99 87 18
14 10 50
97 26 3
54 98 21
66 10 30
60 80 37
34 51 42
18 94 19
74 92 11
27 61 1
97 55 4
58 10 33
86 40 22
35 19 39
17 59 8
34 43 13
93 9 50
74 45 40
37 71 47
16 52 19
30 4 36
91 79 46
28 93 16
42 13 17
88 69 19
13 8 3
51 11 45
82 16 14
8 85 24
42 65 11
45 17 46
40 66 30
15 10 34
54 75 26
78 74 42
84 39 34
24 75 12
75 6 16
87 69 16
62 50 20
24 37 19
20 65 36
50 69 27
22 10 40
4 73 31
30 39 27
72 46 15
16 58 37
49 41 41
25 3 43
23 63 35
92 58 41
77 66 50
19 93 35
26 46 18
30 63 22
49 20 43
85 9 6
15 57 25
87 47 14
1 55 6
45 28 3
55 59 17
66 48 5
90 70 47
65 100 18
82 98 30
85 100 2
82 86 33
91 77 22
89 76 1
39 70 45
90 68 48
66 62 6
39 65 23
49 89 31
18 88 44
28 35 17
29 73 47
46 39 1
50 67 28
89 72 26
7 32 48
20 76 36
27 36 5
60 4 7
38 54 19
54 37 19
48 18 6
72 28 35
55 71 18
44 75 19
74 7 20
29 55 23
70 41 31
28 52 42
52 38 42
35 50 32
59 2 48
83 70 48
35 14 8
90 34 18
28 34 32
71 69 45
18 28 13
82 4 6
83 57 4
30 45 6
90 59 29
73 32 11
53 71 13
47 76 34
12 86 30
64 73 37
92 83 9
92 49 37
26 35 3
54 72 47
9 18 30
9 76 38
10 82 47
71 62 29
58 37 45
55 21 16
41 7 34
40 56 2
30 37 22
79 11 24
84 86 9
63 49 14
25 2 21
51 74 36
97 92 36
22 98 50
90 80 27
42 53 10
76 85 19
11 70 11
46 35 3
29 59 9
46 82 20
97 24 17
15 44 26
13 91 25
91 42 42
52 72 35
81 51 50
4 62 2
84 100 29
78 38 5
80 57 11
50 13 38
23 64 47
35 13 49
38 58 28
91 33 3
90 40 2
39 76 13
7 87 24
54 3 27
40 94 38
21 27 45
51 66 30
80 42 49
46 83 32
42 37 12
55 28 38
7 52 14
69 47 23
55 80 13
99 96 50
21 60 10
37 60 8
56 86 9
78 81 45
96 13 28
42 45 30
66 93 17
78 51 48
31 62 1
54 24 33
98 69 14
6 13 37
1 90 6
35 75 4
22 42 18
53 21 29
69 8 22
92 30 33
76 47 35
94 87 36
22 82 30
5 32 37
25 35 37
77 5 1
36 3 39
10 41 3
64 56 9
92 77 6
23 21 23
25 39 50
64 70 49
46 7 42
34 7 37
86 84 50
30 59 26
30 99 3
79 47 50
47 25 13
22 78 43
28 84 25
2 72 8
35 76 6
72 85 25
99 73 26
83 38 38
89 99 23
30 12 25
23 50 6
60 66 5
61 79 38
29 89 19
34 21 31
82 31 19
91 63 37
64 58 15
52 36 16
3 57 19
27 87 4
24 6 17
56 52 27
9 99 9
68 15 14
20 57 25
27 69 49
45 14 40
96 33 44
59 62 11
8 14 34
15 5 40
48 21 13
81 38 39
77 70 31
24 65 42
73 66 23
46 80 17
24 9 4
52 14 1
22 21 27
98 19 25
43 98 45
13 78 38
23 14 29
96 44 45
27 13 47
35 70 7
6 43 18
64 35 38
87 2 6
18 14 45
12 51 45
80 14 7
87 41 15
54 59 37
82 29 49
85 21 31
55 32 36
46 52 31
16 43 20
3 86 17
2 38 44
83 65 6
50 83 23
5 34 32
8 51 26
58 38 23
18 49 28
94 86 23
32 93 16
91 51 36
34 56 24
73 22 39
73 77 42
27 47 37
47 28 9
3 67 44
25 91 30
45 89 44
85 23 48
63 72 49
66 76 33
29 69 42
92 41 26
17 93 37
45 31 35
42 60 7
46 20 6
26 78 20
77 10 35
44 93 40
38 72 31
82 24 33
94 69 23
32 54 13
53 24 4
36 4 44
74 93 15
75 58 33
75 9 6
11 61 36
27 97 28
21 97 11
85 74 11
77 65 5
13 59 41
19 89 4
17 75 47
97 77 42
33 87 41
11 32 27
25 97 2
35 23 3
46 99 47
99 8 26
8 2 12
75 64 22
79 40 45
24 35 18
37 51 41
15 30 11
10 80 34
28 7 27
2 36 32
73 78 30
80 18 15
10 53 47
85 31 20
20 96 32
29 23 1
79 64 2
50 96 17
5 82 47
69 17 7
28 32 31
40 23 5
67 34 49
63 34 3
50 34 25
11 49 14
49 44 42
29 84 44
5 98 18
32 100 2
65 49 32
4 81 45
80 17 26
11 48 36
61 98 38
33 52 34
74 13 24
8 6 36
33 50 41
13 54 37
24 94 20
13 18 6
25 81 29
4 37 28
24 73 33
94 71 47
76 42 50
51 28 4
29 5 23
93 32 37
16 83 23
61 82 2
3 68 5
60 33 39
22 47 4
94 76 8
16 72 42
36 55 35
97 56 29
55 77 39
83 16 16
68 64 19
91 37 34
93 96 44
76 58 24
29 80 25
52 43 43
1 51 21
24 14 36
11 84 26
70 45 12
3 78 42
79 29 5
20 48 42
40 26 9
1 27 48
28 48 1
19 60 26
97 18 15
14 92 41
28 37 6
5 79 9
84 62 32
43 92 17
58 57 20
68 65 9
42 18 36
34 50 13
65 59 35
80 34 46
84 8 24
74 57 25
23 27 35
61 76 17
74 9 35
5 91 9
77 61 9
76 8 34
71 85 1
59 90 1
83 2 36
69 67 33
94 78 29
22 7 47
89 5 12
78 68 12
1 97 30
51 8 47
66 95 13
47 51 10
44 83 39
68 35 30
9 79 12
57 66 24
8 36 41
39 83 37
94 61 48
19 15 45
53 26 5
87 39 11
6 16 33
66 22 40
57 24 45
72 11 29
53 17 1
24 7 20
3 30 48
84 51 49
7 71 48
40 95 5
15 14 36
67 100 3
85 50 25
95 71 29
6 79 11
90 57 35
7 86 7
14 7 36
69 81 1
96 6 1
19 34 14
95 40 9
29 38 39
86 100 7
91 2 16
86 79 12
18 83 21
17 85 6
77 94 7
18 7 39
57 94 11
52 79 13
34 67 23
55 53 35
22 40 14
82 41 8
38 20 17
88 64 25
46 57 27
62 94 27
47 11 24
40 42 10
44 31 28
29 85 40
91 35 3
63 89 47
23 61 16
70 98 3
6 86 17
58 93 28
60 37 4
32 26 19
61 89 1
67 10 26
20 100 26
2 43 28
13 16 27
40 69 36
78 82 49
66 13 31
13 7 34
10 95 4
51 32 1
81 77 29
29 48 2
37 4 27
78 96 41
68 59 31
72 68 48
53 81 37
63 10 45
31 95 28
48 19 28
41 88 28
96 25 2
74 31 45
92 31 32
9 8 19
9 42 39
4 87 4
71 16 33
63 53 1
20 2 5
22 95 19
56 72 22
43 71 26
28 75 5
76 2 26
70 32 26
78 80 30
66 77 8
41 9 49
48 96 6
65 15 20
40 43 33
15 20 9
45 100 11
67 96 28
4 18 40
58 98 15
90 53 12
61 10 17
80 29 34
90 11 7
35 86 15
49 73 42
5 54 6
66 89 6
87 5 39
74 36 23
2 37 3
82 95 48
63 43 38
10 26 1
71 40 17
19 74 26
21 8 19
98 88 24
33 98 31
66 85 44
74 63 16
71 31 4
36 19 47
95 82 49
5 40 3
82 54 9
75 65 17
80 19 26
97 48 33
41 67 23
99 75 23
41 13 40
13 99 28
6 23 33
42 100 33
57 41 8
6 15 41
3 28 18
13 56 9
24 93 6
85 45 34
11 40 44
25 17 47
95 10 35
10 84 22
9 74 3
79 3 12
49 98 11
80 67 2
47 69 46
87 99 38
76 51 10
70 48 40
9 45 20
53 55 5
92 54 7
81 63 9
74 40 29
20 3 16
94 56 20
11 10 2
42 8 2
2 76 1
40 75 4
69 37 2
9 90 8
97 54 32
71 100 1
44 74 48
63 52 37
13 43 21
25 33 9
13 74 16
97 73 43
54 82 12
68 81 5
50 78 14
83 6 4
52 64 38
48 75 10
15 90 28
34 6 40
4 25 47
33 100 12
69 18 11
92 15 45
17 90 33
71 41 31
16 39 3
3 83 8
71 14 50
98 29 32
87 91 5
90 29 46
51 87 44
44 8 39
33 44 2
90 42 24
32 53 48
89 59 26
2 48 17
40 80 12
80 65 49
9 29 13
29 33 5
42 54 29
42 90 35
20 30 7
36 77 20
48 23 11
55 45 26
51 77 19
66 72 43
80 24 50
74 83 24
49 71 29
39 26 13
75 85 35
53 93 9
38 70 14
69 83 35
28 15 29
74 99 25
68 13 15
4 56 48
63 20 1
50 88 22
38 43 46
20 53 37
97 74 49
37 97 28
76 31 12
48 65 6
62 3 14
58 94 15
28 99 15
5 87 4
27 18 4
47 53 41
85 36 49
9 93 12
15 39 2
8 4 12
30 29 7
40 58 43
19 10 2
53 74 39
53 46 17
51 37 4
63 65 14
2 66 10
80 72 6
9 65 30
50 53 15
31 96 47
27 38 15
59 97 32
27 62 29
77 30 41
71 47 44
51 67 33
73 2 8
61 97 9
60 59 36
68 72 7
24 58 50
74 28 34
98 59 34
4 44 9
26 62 46
15 100 25
37 29 31
58 63 21
42 73 14
94 43 33
33 89 1
5 19 10
86 25 31
87 82 43
9 6 50
65 2 25
71 10 14
25 61 45
67 89 36
60 84 2
39 56 1
42 74 18
45 97 32
36 5 36
10 44 44
56 91 34
94 32 5
12 66 30
26 94 38
7 42 49
35 42 26
12 91 45
88 99 9
1 33 1
55 29 44
94 35 27
73 39 42
45 49 2
88 53 18
25 42 13
67 12 26
96 8 11
15 36 7
19 97 22
92 91 42
96 60 38
63 13 44
6 31 38
83 56 2
85 7 18
25 4 40
3 41 9
69 86 46
53 63 50
63 48 44
20 39 43
36 39 30
83 100 4
67 49 35
6 39 42
30 51 2
56 95 33
22 27 31
58 72 46
32 43 15
6 40 21
97 94 44
11 96 19
47 73 21
60 88 27
86 2 7
59 57 50
31 47 34
98 7 49
86 69 14
96 9 11
63 86 49
92 14 1
66 16 37
37 30 33
41 26 27
60 13 17
92 21 35
65 9 46
58 25 15
34 20 13
40 34 37
22 15 42
92 39 37
30 71 13
55 36 21
86 90 37
35 59 50
81 58 43
99 2 15
11 64 28
29 67 45
32 97 30
27 37 18
76 53 32
73 67 14
12 3 9
68 20 10
40 8 18
66 29 29
56 65 23
28 23 38
93 46 35
40 97 6
75 54 2
54 80 29
16 63 39
15 58 9
25 82 25
67 70 15
55 75 16
3 43 20
47 9 4
57 5 43
23 29 31
96 87 22
5 12 26
21 58 9
52 77 45
2 27 23
76 7 44
29 65 46
17 29 16
79 84 30
97 89 45
49 28 20
21 25 28
19 50 4
5 58 35
25 14 29
79 44 41
72 27 28
34 69 33
60 86 40
89 74 6
39 41 18
69 61 16
20 8 49
31 28 10
6 92 24
36 99 27
27 85 2
1 61 33
76 71 50
10 46 21
44 19 40
34 10 1
22 5 24
29 21 6
5 77 41
55 15 28
38 85 42
63 18 33
28 97 11
16 91 6
81 59 4
92 33 48
4 30 39
66 11 20
65 7 44
72 58 14
29 28 32
21 44 40
68 73 29
72 47 8
3 63 26
6 12 12
55 38 10
58 23 31
71 4 1
43 3 37
6 14 47
53 6 7
79 99 13
6 42 48
33 18 10
97 57 27
23 45 15
32 27 28
43 73 22
24 69 14
44 87 4
28 89 32
93 25 1
85 13 39
69 80 3
12 30 39
25 7 3
13 45 9
3 80 5
37 63 12
3 75 42
63 38 48
13 40 26
9 2 35
12 45 40
82 13 26
80 50 12
84 35 31
30 76 13
78 60 16
71 82 4
40 53 6
71 91 43
12 21 11
67 62 9
31 13 21
2 69 6
10 49 17
98 42 17
29 58 47
58 92 12
59 52 13
13 50 11
50 26 4
97 49 31
78 8 41
39 24 30
12 39 12
97 32 34
68 28 21
58 24 44
21 87 20
36 10 42
91 84 7
24 39 36
20 10 28
46 67 1
17 50 14
19 64 45
80 75 17
14 94 5
30 16 27
69 38 20
9 72 10
85 25 27
21 98 22
43 78 46
79 2 16
58 89 3
4 33 18
59 79 41
96 88 6
29 97 46
7 95 10
60 43 6
86 51 49
59 15 46
65 86 50
82 15 26
52 60 11
10 71 40
2 92 19
90 19 9
12 83 28
78 40 7
60 25 10
30 94 44
61 58 5
15 37 20
3 34 46
16 26 13
66 17 11
4 85 40
64 11 31
36 91 5
3 44 13
23 15 18
64 17 36
24 43 12
71 29 9
22 9 46
27 51 43
88 94 43
10 97 2
78 88 12
14 30 32
98 95 25
15 50 47
95 73 37
96 56 9
58 16 4
37 22 14
8 59 50
33 13 46
50 68 33
54 69 32
87 55 2
95 89 9
88 71 30
5 41 30
55 62 47
42 5 34
72 54 4
61 3 13
8 68 6
93 77 45
92 62 30
9 56 39
94 81 24
98 56 16
33 60 33
78 76 30
26 12 21
51 13 47
49 83 23
10 55 30
22 94 30
1 42 5
46 95 3
66 56 37
37 59 7
46 36 26
20 29 38
67 28 5
26 98 14
58 54 33
94 64 8
13 88 50
36 66 15
78 97 3
37 20 32
60 23 5
97 43 14
8 72 31
90 92 44
2 73 49
45 20 44
86 20 36
82 39 23
12 56 1
66 23 19
53 13 5
27 30 35
53 5 36
46 38 32
36 57 7
24 99 10
69 73 34
9 58 30
65 10 32
60 15 48
83 25 45
92 28 32
11 71 10
67 2 32
77 54 10
30 68 34
41 19 38
50 91 8
94 100 23
73 31 17
19 6 9
5 68 17
97 91 42
35 89 39
51 4 14
78 70 26
72 51 31
81 47 45
33 99 3
33 77 27
28 2 19
67 90 34
34 47 30
83 79 13
70 84 20
99 83 20
73 7 37
54 83 22
74 29 43
27 39 23
72 7 9
57 85 23
50 32 25
11 69 16
56 85 16
68 19 30
14 42 16
95 29 21
47 55 49
27 55 1
57 16 35
12 40 22
9 91 17
84 9 10
55 54 14
93 28 19
77 59 19
8 53 1
90 12 44
20 67 9
93 48 28
8 74 22
21 38 32
86 37 2
86 88 48
93 3 4
97 64 14
61 72 20
29 44 13
42 51 43
60 90 10
36 80 28
83 23 41
97 99 13
5 22 19
26 66 49
94 52 31
71 66 19
99 61 17
66 97 26
52 8 7
84 57 41
61 41 29
83 24 9
80 94 4
27 2 49
74 88 49
64 45 16
66 21 5
58 21 1
25 22 38
54 47 3
98 27 38
32 67 44
79 93 33
63 88 26
17 77 16
7 61 48
73 36 9
45 70 50
59 87 26
65 97 33
23 46 42
72 52 5
52 66 16
94 50 16
34 4 48
25 9 50
77 90 46
51 82 26
33 93 1
12 32 24
34 74 21
25 79 40
2 99 50
43 7 15
74 52 47
59 14 8
4 77 36
35 46 44
29 72 40
53 40 21
86 35 33
62 67 13
69 43 20
82 6 48
91 94 10
91 55 27
63 61 9
88 45 35
84 10 37
78 12 7
8 13 43
22 60 17
26 22 9
4 35 20
4 60 14
89 82 20
92 61 50
98 54 20
53 66 13
71 12 5
96 66 48
27 33 41
64 90 10
85 90 18
6 50 33
27 40 17
32 96 43
15 88 13
80 48 45
50 7 37
51 18 48
41 51 38
49 93 37
70 25 50
13 29 26
3 61 46
95 90 18
36 29 29
34 65 24
33 27 23
99 71 38
77 9 26
60 93 49
49 13 17
19 4 4
64 34 42
42 80 5
1 69 24
13 35 19
66 68 28
55 83 6
28 46 3
91 69 8
53 38 47
50 95 20
56 93 7
81 4 14
97 88 43
44 100 36
29 75 7
40 37 9
29 88 28
55 61 40
20 93 34
69 75 38
89 28 7
26 77 38
42 57 50
64 75 19
76 10 19
5 39 7
21 47 46
61 45 18
12 100 10
52 13 26
79 86 7
83 19 38
24 42 38
6 58 33
71 59 16
39 95 48
2 61 25
38 4 29
82 76 38
87 27 6
33 90 16
40 45 7
75 40 22
77 49 19
4 8 36
61 25 42
97 63 49
42 35 19
64 55 20
97 36 12
99 64 2
79 36 36
55 46 27
21 35 50
40 17 38
93 35 46
90 87 17
57 53 10
81 53 42
96 45 50
49 60 41
6 45 14
76 4 21
61 42 43
64 100 9
72 12 24
83 71 43
60 75 35
68 25 48
11 91 33
28 76 21
13 98 32
18 35 31
15 68 41
94 9 8
24 63 25
88 90 21
12 88 46
52 96 15
79 91 48
87 77 10
74 71 34
9 25 25
23 68 14
28 49 3
33 17 17
12 57 16
76 81 31
34 80 26
73 46 48
57 75 8
70 37 16
38 28 19
1 48 4
35 57 31
91 27 4
4 70 37
57 96 9
40 89 21
6 33 46
58 40 9
64 47 12
91 10 16
59 43 26
2 59 44
58 95 15
48 4 49
28 82 15
17 82 37
87 92 22
90 71 22
99 45 40
6 57 29
17 11 7
23 85 9
57 4 39
92 3 6
15 49 22
96 91 47
35 71 13
39 2 48
73 26 35
75 30 31
64 4 48
93 76 11
30 38 40
89 80 37
71 17 41
72 81 49
40 78 40
26 80 46
26 67 37
46 89 25
47 92 36
62 31 18
73 54 24
52 89 44
25 83 6
22 84 2
7 17 6
47 57 27
89 2 42
6 54 50
18 50 27
37 86 7
26 85 22
4 20 36
49 4 1
55 11 11
5 90 27
84 19 34
48 90 25
66 96 28
1 95 10
38 96 34
51 93 48
65 67 11
9 31 16
91 73 44
60 62 18
41 94 41
74 73 25
38 93 7
93 67 6
20 98 10
93 11 34
99 34 23
31 72 8
6 4 23
63 35 47
90 16 26
68 22 22
65 28 46
31 90 28
39 13 25
75 39 32
30 69 41
91 18 40
65 93 43
74 55 49
87 75 33
81 22 33
60 8 32
19 100 3
4 92 32
12 5 38
47 33 2
27 42 11
91 30 11
3 85 7
34 45 16
27 99 18
39 87 35
93 10 36
1 58 19
73 51 46
23 93 21
82 100 44
29 35 29
63 23 36
67 66 15
81 2 26
67 24 42
81 23 1
63 75 3
55 95 18
83 52 22
64 78 24
96 14 17
79 92 23
90 100 48
89 4 30
71 67 29
54 8 49
94 6 22
99 7 25
39 21 16
46 32 14
70 73 30
88 98 33
93 51 4
6 66 40
93 41 3
39 77 7
22 43 13
92 97 40
10 37 22
82 70 20
85 61 22
50 24 31
90 98 14
25 49 6
14 6 11
5 62 36
77 85 27
79 94 24
99 18 41
72 97 15
31 30 7
48 46 11
53 95 33
36 94 8
58 81 29
35 74 47
30 21 5
16 77 37
15 80 17
96 92 34
51 7 47
60 44 32
39 75 33
28 69 14
9 15 49
28 86 36
35 64 33
72 20 46
7 78 47
49 8 21
97 12 44
77 60 4
46 8 31
46 85 43
56 82 36
29 94 17
56 60 13
56 25 21
82 28 10
87 52 24
78 39 21
57 35 1
86 54 41
18 41 28
70 55 33
33 31 15
2 67 12
34 53 43
1 75 1
16 40 20
12 34 38
28 92 29
31 14 25
16 92 49
76 14 2
